71.19,24.71,2.08,2.20,0.12,1
71.19,24.71,2.08,2.20,0.12,1
71.19,24.71,2.08,2.20,0.12,1
71.19,24.71,2.08,2.20,0.12,1
71.19,24.71,2.08,2.20,0.12,1
71.19,24.71,2.08,2.20,0.12,1
71.19,24.71,2.08,2.20,0.12,1
71.19,24.71,2.08,2.20,0.12,1
71.19,24.71,2.08,2.20,0.12,1
71.19,24.71,2.08,2.20,0.12,1
71.19,24.71,2.08,2.20,0.12,1
71.19,24.71,2.08,2.20,0.12,1
71.19,24.71,2.08,2.20,0.12,1
71.19,24.71,2.08,2.20,0.12,1
71.19,24.71,2.08,2.20,0.12,1
71.19,24.71,2.08,2.20,0.12,1
71.19,24.71,2.08,2.20,0.12,1
71.19,24.71,2.08,2.20,0.12,1
71.19,24.71,2.08,2.20,0.12,1
71.19,24.71,2.08,2.20,0.12,1
71.19,24.71,2.08,2.20,0.12,1
71.19,24.71,2.08,2.20,0.12,1
71.19,24.71,2.08,2.20,0.12,1
71.19,24.71,2.08,2.20,0.12,1
71.19,24.71,2.08,2.20,0.12,1
71.19,24.71,2.08,2.20,0.12,1
71.19,24.71,2.08,2.20,0.12,1
71.19,24.71,2.08,2.20,0.12,1
71.19,24.71,2.08,2.20,0.12,1
71.19,24.71,2.08,2.20,0.12,1
71.19,24.71,2.08,2.20,0.12,1
71.19,24.71,2.08,2.20,0.12,1
71.19,24.71,2.08,2.20,0.12,1
71.19,24.71,2.08,2.20,0.12,1
71.19,24.71,2.08,2.20,0.12,1
71.19,24.71,2.08,2.20,0.12,1
71.19,24.71,2.08,2.20,0.12,1
71.19,24.71,2.08,2.20,0.12,1
71.19,24.71,2.08,2.20,0.12,1
71.19,24.71,2.08,2.20,0.12,1
71.19,24.71,2.08,2.20,0.12,1
71.19,24.71,2.08,2.20,0.12,1
71.19,24.71,2.08,2.20,0.12,1
71.19,24.71,2.08,2.20,0.12,1
71.19,24.71,2.08,2.20,0.12,1
71.19,24.71,2.08,2.20,0.12,1
71.19,24.71,2.08,2.20,0.12,1
71.19,24.71,2.08,2.20,0.12,1
71.19,24.71,2.08,2.20,0.12,1
71.19,24.71,2.08,2.20,0.12,1
71.19,24.71,2.08,2.20,0.12,1
71.19,24.71,2.08,2.20,0.12,1
71.19,24.71,2.08,2.20,0.12,1
71.19,24.71,2.08,2.20,0.12,1
71.19,24.71,2.08,2.20,0.12,1
71.19,24.71,2.08,2.20,0.12,1
71.19,24.71,2.08,2.20,0.12,1
71.19,24.71,2.08,2.20,0.12,1
71.19,24.71,2.08,2.20,0.12,1
71.19,24.71,2.08,2.20,0.12,1
71.19,24.71,2.08,2.20,0.12,1
71.19,24.71,2.08,2.20,0.12,1
71.19,24.71,2.08,2.20,0.12,1
71.19,24.71,2.08,2.20,0.12,1
71.19,24.71,2.08,2.20,0.12,1
71.19,24.71,2.08,2.20,0.12,1
71.19,24.71,2.08,2.20,0.12,1
71.19,24.71,2.08,2.20,0.12,1
71.19,24.71,2.08,2.20,0.12,1
71.19,24.71,2.08,2.20,0.12,1
71.19,24.71,2.08,2.20,0.12,1
71.19,24.71,2.08,2.20,0.12,1
71.19,24.71,2.08,2.20,0.12,1
71.19,24.71,2.08,2.20,0.12,1
71.19,24.71,2.08,2.20,0.12,1
71.19,24.71,2.08,2.20,0.12,1
71.19,24.71,2.08,2.20,0.12,1
71.19,24.71,2.08,2.20,0.12,1
71.19,24.71,2.08,2.20,0.12,1
71.19,24.71,2.08,2.20,0.12,1
71.19,24.71,2.08,2.20,0.12,1
71.19,24.71,2.08,2.20,0.12,1
71.19,24.71,2.08,2.20,0.12,1
71.19,24.71,2.08,2.20,0.12,1
71.19,24.71,2.08,2.20,0.12,1
71.19,24.71,2.08,2.20,0.12,1
71.19,24.71,2.08,2.20,0.12,1
71.19,24.71,2.08,2.20,0.12,1
71.19,24.71,2.08,2.20,0.12,1
71.19,24.71,2.08,2.20,0.12,1
71.19,24.71,2.08,2.20,0.12,1
71.20,24.71,2.08,2.20,0.12,1
71.21,24.71,2.08,2.20,0.12,1
71.22,24.71,2.08,2.20,0.12,1
71.23,24.71,2.08,2.20,0.12,1
71.24,24.71,2.08,2.20,0.12,1
71.25,24.71,2.08,2.20,0.12,1
71.26,24.71,2.08,2.20,0.12,1
71.27,24.71,2.08,2.20,0.12,1
71.28,24.71,2.08,2.20,0.12,1
71.29,24.71,2.08,2.20,0.12,1
71.30,24.71,2.08,2.20,0.12,1
71.31,24.71,2.08,2.20,0.12,1
71.32,24.71,2.08,2.20,0.12,1
71.33,24.71,2.08,2.20,0.12,1
71.34,24.71,2.08,2.20,0.12,1
71.35,24.71,2.08,2.20,0.12,1
71.36,24.71,2.08,2.20,0.12,1
71.37,24.71,2.08,2.20,0.12,1
71.38,24.71,2.08,2.20,0.12,1
71.39,24.71,2.08,2.20,0.12,1
71.40,24.71,2.08,2.20,0.12,1
71.41,24.71,2.08,2.20,0.12,1
71.42,24.71,2.08,2.20,0.12,1
71.43,24.71,2.08,2.20,0.12,1
71.44,24.71,2.08,2.20,0.12,1
71.45,24.71,2.08,2.20,0.12,1
71.46,24.71,2.08,2.20,0.12,1
71.47,24.71,2.08,2.20,0.12,1
71.48,24.71,2.08,2.20,0.12,1
71.49,24.71,2.08,2.20,0.12,1
71.50,24.71,2.08,2.20,0.12,1
71.51,24.71,2.08,2.20,0.12,1
71.52,24.71,2.08,2.20,0.12,1
71.53,24.71,2.08,2.20,0.12,1
71.54,24.71,2.08,2.20,0.12,1
71.55,24.71,2.08,2.20,0.12,1
71.56,24.71,2.08,2.20,0.12,1
71.57,24.71,2.08,2.20,0.12,1
71.58,24.71,2.08,2.20,0.12,1
71.59,24.71,2.08,2.20,0.12,1
71.60,24.71,2.08,2.20,0.12,1
71.61,24.71,2.08,2.20,0.12,1
71.62,24.71,2.08,2.20,0.12,1
71.63,24.71,2.08,2.20,0.12,1
71.64,24.71,2.08,2.20,0.12,1
71.65,24.71,2.08,2.20,0.12,1
71.66,24.71,2.08,2.20,0.12,1
71.67,24.71,2.08,2.20,0.12,1
71.68,24.71,2.08,2.20,0.12,1
71.69,24.71,2.08,2.20,0.12,1
71.70,24.71,2.08,2.20,0.12,1
71.71,24.71,2.08,2.20,0.12,1
71.72,24.71,2.08,2.20,0.12,1
71.73,24.71,2.08,2.20,0.12,1
71.74,24.71,2.08,2.20,0.12,1
71.75,24.71,2.08,2.20,0.12,1
71.76,24.71,2.08,2.20,0.12,1
71.77,24.71,2.08,2.20,0.12,1
71.78,24.71,2.08,2.20,0.12,1
71.79,24.71,2.08,2.20,0.12,1
71.80,24.71,2.08,2.20,0.12,1
71.81,24.71,2.08,2.20,0.12,1
71.82,24.71,2.08,2.20,0.12,1
71.83,24.71,2.08,2.20,0.12,1
71.84,24.71,2.08,2.20,0.12,1
71.85,24.71,2.08,2.20,0.12,1
71.86,24.71,2.08,2.20,0.12,1
71.87,24.71,2.08,2.20,0.12,1
71.88,24.71,2.08,2.20,0.12,1
71.89,24.71,2.08,2.20,0.12,1
71.90,24.71,2.08,2.20,0.12,1
71.91,24.71,2.08,2.20,0.12,1
71.92,24.71,2.08,2.20,0.12,1
71.93,24.71,2.08,2.20,0.12,1
71.94,24.71,2.08,2.20,0.12,1
71.95,24.71,2.08,2.20,0.12,1
71.96,24.71,2.08,2.20,0.12,1
71.97,24.71,2.08,2.20,0.12,1
71.98,24.71,2.08,2.20,0.12,1
71.99,24.71,2.08,2.20,0.12,1
72.00,24.71,2.08,2.20,0.12,1
72.01,24.71,2.08,2.20,0.12,1
72.02,24.71,2.08,2.20,0.12,1
72.03,24.71,2.08,2.20,0.12,1
72.04,24.71,2.08,2.20,0.12,1
72.05,24.71,2.08,2.20,0.12,1
72.06,24.71,2.08,2.20,0.12,1
72.07,24.71,2.08,2.20,0.12,1
72.08,24.71,2.08,2.20,0.12,1
72.09,24.71,2.08,2.20,0.12,1
72.10,24.71,2.08,2.20,0.12,1
72.11,24.71,2.08,2.20,0.12,1
72.12,24.71,2.08,2.20,0.12,1
72.13,24.71,2.08,2.20,0.12,1
72.14,24.71,2.08,2.20,0.12,1
72.15,24.71,2.08,2.20,0.12,1
72.16,24.71,2.08,2.20,0.12,1
72.17,24.71,2.08,2.20,0.12,1
72.18,24.71,2.08,2.20,0.12,1
72.19,24.71,2.08,2.20,0.12,1
72.20,24.71,2.08,2.20,0.12,1
72.21,24.71,2.08,2.20,0.12,1
72.22,24.71,2.08,2.20,0.12,1
72.23,24.71,2.08,2.20,0.12,1
72.24,24.71,2.08,2.20,0.12,1
72.25,24.71,2.08,2.20,0.12,1
72.26,24.71,2.08,2.20,0.12,1
72.27,24.71,2.08,2.20,0.12,1
72.28,24.71,2.08,2.20,0.12,1
72.29,24.71,2.08,2.20,0.12,1
72.30,24.71,2.08,2.20,0.12,1
72.31,24.71,2.08,2.20,0.12,1
72.32,24.71,2.08,2.20,0.12,1
72.33,24.71,2.08,2.20,0.12,1
72.34,24.71,2.08,2.20,0.12,1
72.35,24.71,2.08,2.20,0.12,1
72.36,24.71,2.08,2.20,0.12,1
72.37,24.71,2.08,2.20,0.12,1
72.38,24.71,2.08,2.20,0.12,1
72.39,24.71,2.08,2.20,0.12,1
72.40,24.71,2.08,2.20,0.12,1
72.41,24.71,2.08,2.20,0.12,1
72.42,24.71,2.08,2.20,0.12,1
72.43,24.71,2.08,2.20,0.12,1
72.44,24.71,2.08,2.20,0.12,1
72.45,24.71,2.08,2.20,0.12,1
72.46,24.71,2.08,2.20,0.12,1
72.47,24.71,2.08,2.20,0.12,1
72.48,24.71,2.08,2.20,0.12,1
72.49,24.71,2.08,2.20,0.12,1
72.50,24.71,2.08,2.20,0.12,1
72.51,24.71,2.08,2.20,0.12,1
72.52,24.71,2.08,2.20,0.12,1
72.53,24.71,2.08,2.20,0.12,1
72.54,24.71,2.08,2.20,0.12,1
72.55,24.71,2.08,2.20,0.12,1
72.56,24.71,2.08,2.20,0.12,1
72.57,24.71,2.08,2.20,0.12,1
72.58,24.71,2.08,2.20,0.12,1
72.59,24.71,2.08,2.20,0.12,1
72.60,24.71,2.08,2.20,0.12,1
72.61,24.71,2.08,2.20,0.12,1
72.62,24.71,2.08,2.20,0.12,1
72.63,24.71,2.08,2.20,0.12,1
72.64,24.71,2.08,2.20,0.12,1
72.65,24.71,2.08,2.20,0.12,1
72.66,24.71,2.08,2.20,0.12,1
72.67,24.71,2.08,2.20,0.12,1
72.68,24.71,2.08,2.20,0.12,1
72.69,24.71,2.08,2.20,0.12,1
72.70,24.71,2.08,2.20,0.12,1
72.71,24.71,2.08,2.20,0.12,1
72.72,24.71,2.08,2.20,0.12,1
72.73,24.71,2.08,2.20,0.12,1
72.74,24.71,2.08,2.20,0.12,1
72.75,24.71,2.08,2.20,0.12,1
72.76,24.71,2.08,2.20,0.12,1
72.77,24.71,2.08,2.20,0.12,1
72.78,24.71,2.08,2.20,0.12,1
72.79,24.71,2.08,2.20,0.12,1
72.80,24.71,2.08,2.20,0.12,1
72.81,24.71,2.08,2.20,0.12,1
72.82,24.71,2.08,2.20,0.12,1
72.83,24.71,2.08,2.20,0.12,1
72.84,24.71,2.08,2.20,0.12,1
72.85,24.71,2.08,2.20,0.12,1
72.86,24.71,2.08,2.20,0.12,1
72.87,24.71,2.08,2.20,0.12,1
72.88,24.71,2.08,2.20,0.12,1
72.89,24.71,2.08,2.20,0.12,1
72.90,24.71,2.08,2.20,0.12,1
72.91,24.71,2.08,2.20,0.12,1
72.92,24.71,2.08,2.20,0.12,1
72.93,24.71,2.08,2.20,0.12,1
72.94,24.71,2.08,2.20,0.12,1
72.95,24.71,2.08,2.20,0.12,1
72.96,24.71,2.08,2.20,0.12,1
72.97,24.71,2.08,2.20,0.12,1
72.98,24.71,2.08,2.20,0.12,1
72.99,24.71,2.08,2.20,0.12,1
73.00,24.71,2.08,2.20,0.12,1
73.01,24.71,2.08,2.20,0.12,1
73.02,24.71,2.08,2.20,0.12,1
73.03,24.71,2.08,2.20,0.12,1
73.04,24.71,2.08,2.20,0.12,1
73.05,24.71,2.08,2.20,0.12,1
73.06,24.71,2.08,2.20,0.12,1
73.07,24.71,2.08,2.20,0.12,1
73.08,24.71,2.08,2.20,0.12,1
73.09,24.71,2.08,2.20,0.12,1
73.10,24.71,2.08,2.20,0.12,1
73.11,24.71,2.08,2.20,0.12,1
73.12,24.71,2.08,2.20,0.12,1
73.13,24.71,2.08,2.20,0.12,1
73.14,24.71,2.08,2.20,0.12,1
73.15,24.71,2.08,2.20,0.12,1
73.16,24.71,2.08,2.20,0.12,1
73.17,24.71,2.08,2.20,0.12,1
73.18,24.71,2.08,2.20,0.12,1
73.19,24.71,2.08,2.20,0.12,1
73.20,24.71,2.08,2.20,0.12,1
73.21,24.71,2.08,2.20,0.12,1
73.22,24.71,2.08,2.20,0.12,1
73.23,24.71,2.08,2.20,0.12,1
73.24,24.71,2.08,2.20,0.12,1
73.25,24.71,2.08,2.20,0.12,1
73.26,24.71,2.08,2.20,0.12,1
73.27,24.71,2.08,2.20,0.12,1
73.28,24.71,2.08,2.20,0.12,1
73.29,24.71,2.08,2.20,0.12,1
73.30,24.71,2.08,2.20,0.12,1
73.31,24.71,2.08,2.20,0.12,1
73.32,24.71,2.08,2.20,0.12,1
73.33,24.71,2.08,2.20,0.12,1
73.34,24.71,2.08,2.20,0.12,1
73.35,24.71,2.08,2.20,0.12,1
73.36,24.71,2.08,2.20,0.12,1
73.37,24.71,2.08,2.20,0.12,1
73.38,24.71,2.08,2.20,0.12,1
73.39,24.71,2.08,2.20,0.12,1
73.40,24.71,2.08,2.20,0.12,1
73.41,24.71,2.08,2.20,0.12,1
73.42,24.71,2.08,2.20,0.12,1
73.43,24.71,2.08,2.20,0.12,1
73.44,24.71,2.08,2.20,0.12,1
73.45,24.71,2.08,2.20,0.12,1
73.46,24.71,2.08,2.20,0.12,1
73.47,24.71,2.08,2.20,0.12,1
73.48,24.71,2.08,2.20,0.12,1
73.49,24.71,2.08,2.20,0.12,1
73.50,24.71,2.08,2.20,0.12,1
73.51,24.71,2.08,2.20,0.12,1
73.52,24.71,2.08,2.20,0.12,1
73.53,24.71,2.08,2.20,0.12,1
73.54,24.71,2.08,2.20,0.12,1
73.55,24.71,2.08,2.20,0.12,1
73.56,24.71,2.08,2.20,0.12,1
73.57,24.71,2.08,2.20,0.12,1
73.58,24.71,2.08,2.20,0.12,1
73.59,24.71,2.08,2.20,0.12,1
73.60,24.71,2.08,2.20,0.12,1
73.61,24.71,2.08,2.20,0.12,1
73.62,24.71,2.08,2.20,0.12,1
73.63,24.71,2.08,2.20,0.12,1
73.64,24.71,2.08,2.20,0.12,1
73.65,24.71,2.08,2.20,0.12,1
73.66,24.71,2.08,2.20,0.12,1
73.67,24.71,2.08,2.20,0.12,1
73.68,24.71,2.08,2.20,0.12,1
73.69,24.71,2.08,2.20,0.12,1
73.70,24.71,2.08,2.20,0.12,1
73.71,24.71,2.08,2.20,0.12,1
73.72,24.71,2.08,2.20,0.12,1
73.73,24.71,2.08,2.20,0.12,1
73.74,24.71,2.08,2.20,0.12,1
73.75,24.71,2.08,2.20,0.12,1
73.76,24.71,2.08,2.20,0.12,1
73.77,24.71,2.08,2.20,0.12,1
73.78,24.71,2.08,2.20,0.12,1
73.79,24.71,2.08,2.20,0.12,1
73.80,24.71,2.08,2.20,0.12,1
73.81,24.71,2.08,2.20,0.12,1
73.82,24.71,2.08,2.20,0.12,1
73.83,24.71,2.08,2.20,0.12,1
73.84,24.71,2.08,2.20,0.12,1
73.85,24.71,2.08,2.20,0.12,1
73.86,24.71,2.08,2.20,0.12,1
73.87,24.71,2.08,2.20,0.12,1
73.88,24.71,2.08,2.20,0.12,1
73.89,24.71,2.08,2.20,0.12,1
73.90,24.71,2.08,2.20,0.12,1
73.91,24.71,2.08,2.20,0.12,1
73.92,24.71,2.08,2.20,0.12,1
